             CÓDIGO               CICLO       PROMEDIO
                 129                  10          13.78
                 109                  10          12.52
                 128                  10          12.52
                 126                  10          12.38
                 123                  10          11.52
                 146                  10          10.90
                 141                  10          10.36
                 147                  10           9.16
                 106                   9          12.80
                 134                   9          10.72
                 139                   9          10.66
                 143                   9           9.76
                 111                   9           6.40
                 120                   9           2.82
                 116                   7          12.00
                 103                   7          11.36
                 137                   7           9.46
                 121                   7           7.92
                 115                   7           6.32
                 130                   7           4.86
                 149                   6          13.16
                 108                   6          11.38
                 101                   6           6.24
                 136                   5          13.16
                 142                   5           7.20
                 118                   4          12.98
                 112                   4          11.34
                 132                   4          11.02
                 148                   4           9.46
                 125                   4           8.78
                 144                   3          13.10
                 135                   3          12.40
                 138                   3          11.32
                 102                   3           8.34
                 107                   2          12.66
                 140                   2          12.38
                 117                   2          11.06
                 150                   2          10.78
                 114                   2           9.60
                 105                   2           7.42
                 124                   2           6.80
                 145                   2           4.70
                 119                   2           4.30
                 131                   1          13.16
                 104                   1          11.98
                 133                   1          11.06
                 113                   1          10.96
                 127                   1           8.38
                 110                   1           5.76
                 122                   1           4.94
